0 0.09479166666666666 0.5513888888888889 0.0078125 0.01574074074074074
0 0.13111979166666668 0.5504629629629629 0.007552083333333333 0.013888888888888888
0 0.14453125 0.5782407407407407 0.0078125 0.013888888888888888
0 0.16770833333333332 0.5782407407407407 0.008333333333333333 0.013888888888888888
0 0.18229166666666666 0.5516203703703704 0.009375 0.018055555555555554
0 0.18125 0.5789351851851852 0.0078125 0.01712962962962963
0 0.20494791666666667 0.5787037037037037 0.0078125 0.014814814814814815
0 0.20572916666666666 0.6016203703703704 0.008333333333333333 0.01712962962962963
0 0.18177083333333333 0.6018518518518519 0.007291666666666667 0.014814814814814815
0 0.16848958333333333 0.600462962962963 0.0078125 0.013888888888888888
0 0.14479166666666668 0.6018518518518519 0.008333333333333333 0.014814814814814815
0 0.13046875 0.600925925925926 0.0067708333333333336 0.012962962962962963
0 0.10807291666666667 0.6023148148148149 0.008333333333333333 0.01574074074074074
0 0.09401041666666667 0.6023148148148149 0.007291666666666667 0.01574074074074074
0 0.13072916666666667 0.6611111111111111 0.008333333333333333 0.016666666666666666
0 0.10755208333333334 0.6625 0.0078125 0.01574074074074074
0 0.035416666666666666 0.6597222222222222 0.008333333333333333 0.01574074074074074
0 0.02265625 0.6601851851851852 0.007291666666666667 0.014814814814814815
0 0.022916666666666665 0.6819444444444445 0.0067708333333333336 0.016666666666666666
0 0.023697916666666666 0.7101851851851851 0.008333333333333333 0.01574074074074074
0 0.035416666666666666 0.7113425925925926 0.007291666666666667 0.014351851851851852
0 0.07200520833333333 0.7104166666666667 0.008072916666666667 0.016203703703703703
0 0.09401041666666667 0.7125 0.007291666666666667 0.01574074074074074
0 0.09427083333333333 0.6851851851851852 0.0067708333333333336 0.014814814814814815
0 0.10755208333333334 0.6844907407407408 0.0078125 0.016203703703703703
0 0.14427083333333332 0.6631944444444444 0.008333333333333333 0.015277777777777777
0 0.13138020833333333 0.7129629629629629 0.00859375 0.016666666666666666
0 0.24192708333333332 0.6032407407407407 0.008333333333333333 0.01574074074074074
0 0.25416666666666665 0.5793981481481482 0.008333333333333333 0.016203703703703703
0 0.27981770833333336 0.5518518518518518 0.00859375 0.014814814814814815
0 0.29244791666666664 0.5532407407407407 0.0067708333333333336 0.014814814814814815
0 0.279296875 0.6023148148148149 0.00859375 0.01574074074074074
0 0.31588541666666664 0.5791666666666667 0.0078125 0.01574074074074074
0 0.31588541666666664 0.6032407407407407 0.008854166666666666 0.017592592592592594
0 0.3536458333333333 0.5534722222222223 0.007291666666666667 0.016203703703703703
0 0.36692708333333335 0.5798611111111112 0.008333333333333333 0.01712962962962963
0 0.36744791666666665 0.6046296296296296 0.009375 0.018518518518518517
0 0.390625 0.580324074074074 0.0078125 0.018055555555555554
0 0.4276041666666667 0.6050925925925926 0.008333333333333333 0.01574074074074074
0 0.4421875 0.5550925925925926 0.009375 0.018518518518518517
0 0.44166666666666665 0.6055555555555555 0.008333333333333333 0.016666666666666666
0 0.4661458333333333 0.580787037037037 0.008333333333333333 0.015277777777777777
0 0.4791666666666667 0.5814814814814815 0.008333333333333333 0.01574074074074074
0 0.4796875 0.6060185185185185 0.008333333333333333 0.01574074074074074
0 0.5177083333333333 0.5564814814814815 0.008333333333333333 0.01574074074074074
0 0.5174479166666667 0.58125 0.0078125 0.016203703703703703
0 0.5173177083333333 0.6060185185185185 0.008072916666666667 0.01574074074074074
0 0.540625 0.5824074074074074 0.0078125 0.01574074074074074
0 0.5536458333333333 0.5824074074074074 0.0078125 0.01574074074074074
0 0.6307291666666667 0.607175925925926 0.008333333333333333 0.016203703703703703
0 0.6545572916666667 0.6078703703703704 0.007552083333333333 0.013888888888888888
0 0.6552083333333333 0.5851851851851851 0.0067708333333333336 0.01574074074074074
0 0.6692708333333334 0.5592592592592592 0.008333333333333333 0.014814814814814815
0 0.6690104166666667 0.5833333333333334 0.0067708333333333336 0.01574074074074074
0 0.6932291666666667 0.5590277777777778 0.008333333333333333 0.01712962962962963
0 0.70625 0.6094907407407407 0.008333333333333333 0.01712962962962963
0 0.73125 0.5583333333333333 0.008333333333333333 0.013888888888888888
0 0.744140625 0.5585648148148148 0.00859375 0.014351851851851852
0 0.7453125 0.5861111111111111 0.007291666666666667 0.013888888888888888
0 0.7307291666666667 0.6099537037037037 0.009375 0.018055555555555554
0 0.8231770833333333 0.6111111111111112 0.0078125 0.013888888888888888
0 0.8471354166666667 0.587037037037037 0.0078125 0.014814814814814815
0 0.8471354166666667 0.6125 0.008854166666666666 0.014814814814814815
0 0.8619791666666666 0.5606481481481481 0.008333333333333333 0.01574074074074074
0 0.86171875 0.5875 0.0078125 0.01574074074074074
0 0.8872395833333333 0.5611111111111111 0.008854166666666666 0.016666666666666666
0 0.8872395833333333 0.5879629629629629 0.0078125 0.014814814814814815
0 0.9265625 0.5601851851851852 0.009375 0.016666666666666666
0 0.9265625 0.5884259259259259 0.009375 0.017592592592592594
0 0.9408854166666667 0.5884259259259259 0.0078125 0.017592592592592594
0 0.94140625 0.6122685185185185 0.008854166666666666 0.018055555555555554
0 0.966796875 0.562962962962963 0.009635416666666667 0.016666666666666666
0 0.965625 0.5888888888888889 0.009375 0.016666666666666666