0 0.07213541666666666 0.732175925925926 0.0078125 0.018055555555555554
0 0.095703125 0.7335648148148148 0.00859375 0.01898148148148148
0 0.09635416666666667 0.7074074074074074 0.009375 0.017592592592592594
0 0.10989583333333333 0.7081018518518518 0.009895833333333333 0.01990740740740741
0 0.110546875 0.6861111111111111 0.01015625 0.018518518518518517
0 0.17018229166666668 0.6875 0.009114583333333334 0.017592592592592594
0 0.1828125 0.6865740740740741 0.009375 0.019444444444444445
0 0.18333333333333332 0.7094907407407407 0.010416666666666666 0.02175925925925926
0 0.18190104166666668 0.7344907407407407 0.01015625 0.01898148148148148
0 0.20559895833333333 0.687037037037037 0.009635416666666667 0.018518518518518517
0 0.21953125 0.6875 0.008333333333333333 0.017592592592592594
0 0.21927083333333333 0.7094907407407407 0.008854166666666666 0.018055555555555554
0 0.205078125 0.7356481481481482 0.010677083333333334 0.021296296296296296
0 0.21875 0.7361111111111112 0.009895833333333333 0.019444444444444445
0 0.24192708333333332 0.736574074074074 0.009375 0.018518518518518517
0 0.255859375 0.6884259259259259 0.009635416666666667 0.019444444444444445
0 0.25559895833333335 0.7108796296296296 0.009114583333333334 0.01898148148148148
0 0.29140625 0.737037037037037 0.008854166666666666 0.017592592592592594
0 0.31588541666666664 0.6905092592592592 0.009895833333333333 0.01990740740740741
0 0.330078125 0.6888888888888889 0.00859375 0.018518518518518517
0 0.330078125 0.7136574074074075 0.009635416666666667 0.01898148148148148
0 0.32838541666666665 0.7381944444444445 0.009375 0.01990740740740741
0 0.315625 0.7391203703703704 0.010416666666666666 0.01990740740740741
0 0.35299479166666664 0.7395833333333334 0.00859375 0.01712962962962963
0 0.366015625 0.7386574074074074 0.009114583333333334 0.020833333333333332
0 0.36614583333333334 0.6918981481481481 0.008854166666666666 0.01898148148148148
0 0.39088541666666665 0.6932870370370371 0.010416666666666666 0.01990740740740741
0 0.4036458333333333 0.6923611111111111 0.009375 0.018055555555555554
0 0.403515625 0.7150462962962963 0.01015625 0.02175925925925926
0 0.389453125 0.7400462962962963 0.01015625 0.02175925925925926
0 0.42825520833333336 0.6923611111111111 0.009635416666666667 0.01990740740740741
0 0.46432291666666664 0.6918981481481481 0.009895833333333333 0.01898148148148148
0 0.46510416666666665 0.7157407407407408 0.009375 0.020370370370370372
0 0.479296875 0.7164351851851852 0.01015625 0.01990740740740741
0 0.47708333333333336 0.7418981481481481 0.009895833333333333 0.01990740740740741
0 0.5016927083333333 0.6932870370370371 0.01015625 0.01990740740740741
0 0.515625 0.7164351851851852 0.009895833333333333 0.01990740740740741
0 0.5395833333333333 0.7164351851851852 0.009895833333333333 0.01990740740740741
0 0.5395833333333333 0.7430555555555556 0.009895833333333333 0.021296296296296296
0 0.552734375 0.7435185185185185 0.009635416666666667 0.020370370370370372
0 0.552734375 0.71875 0.009635416666666667 0.020833333333333332
0 0.5529947916666667 0.694675925925926 0.01015625 0.01990740740740741
0 0.5774739583333334 0.71875 0.01015625 0.020833333333333332
0 0.576953125 0.7430555555555556 0.009114583333333334 0.021296296296296296
0 0.6140625 0.7446759259259259 0.010416666666666666 0.01898148148148148
0 0.6291666666666667 0.7201388888888889 0.011458333333333333 0.02175925925925926
0 0.69140625 0.7474537037037037 0.011979166666666667 0.020833333333333332
0 0.704296875 0.7474537037037037 0.011197916666666667 0.022685185185185187
0 0.704296875 0.7210648148148148 0.01015625 0.02175925925925926
0 0.704296875 0.6988425925925926 0.01015625 0.020833333333333332
0 0.7290364583333333 0.6988425925925926 0.010677083333333334 0.020833333333333332
0 0.7678385416666667 0.6993055555555555 0.01015625 0.01990740740740741
0 0.7680989583333333 0.7229166666666667 0.009635416666666667 0.020833333333333332
0 0.7813802083333333 0.6988425925925926 0.011197916666666667 0.020833333333333332