0 0.08671875 0.7048611111111112 0.009375 0.020833333333333332
0 0.11080729166666667 0.6798611111111111 0.010677083333333334 0.020833333333333332
0 0.11028645833333334 0.705324074074074 0.009635416666666667 0.02175925925925926
0 0.12434895833333333 0.6581018518518519 0.011197916666666667 0.020833333333333332
0 0.123046875 0.680324074074074 0.00859375 0.01990740740740741
0 0.12252604166666667 0.70625 0.009635416666666667 0.01990740740740741
0 0.18359375 0.6613425925925925 0.009895833333333333 0.01898148148148148
0 0.197265625 0.6613425925925925 0.009635416666666667 0.01898148148148148
0 0.19700520833333332 0.6858796296296297 0.01015625 0.01898148148148148
0 0.19596354166666666 0.7099537037037037 0.01015625 0.020833333333333332
0 0.22018229166666667 0.6636574074074074 0.010677083333333334 0.01990740740740741
0 0.233203125 0.6641203703703704 0.01015625 0.020833333333333332
0 0.233203125 0.6875 0.01015625 0.021296296296296296
0 0.21940104166666666 0.7118055555555556 0.011197916666666667 0.020833333333333332
0 0.23216145833333332 0.7122685185185185 0.01015625 0.01990740740740741
0 0.255859375 0.7152777777777778 0.010677083333333334 0.022222222222222223
0 0.27005208333333336 0.6678240740740741 0.0109375 0.02175925925925926
0 0.26979166666666665 0.6895833333333333 0.010416666666666666 0.01990740740740741
0 0.3053385416666667 0.7164351851851852 0.01015625 0.01990740740740741
0 0.32981770833333335 0.6706018518518518 0.01015625 0.02175925925925926
0 0.344140625 0.6710648148148148 0.010677083333333334 0.020833333333333332
0 0.3438802083333333 0.6939814814814815 0.011197916666666667 0.021296296296296296
0 0.32981770833333335 0.7178240740740741 0.01015625 0.020833333333333332
0 0.34348958333333335 0.7196759259259259 0.010416666666666666 0.022685185185185187
0 0.36575520833333336 0.7222222222222222 0.010677083333333334 0.020370370370370372
0 0.38059895833333335 0.6743055555555556 0.011197916666666667 0.022685185185185187
0 0.37981770833333334 0.7231481481481481 0.01171875 0.022222222222222223
0 0.404296875 0.6747685185185185 0.009635416666666667 0.01990740740740741
0 0.4029947916666667 0.7243055555555555 0.011197916666666667 0.02175925925925926
0 0.41822916666666665 0.6766203703703704 0.013020833333333334 0.02546296296296296
0 0.41796875 0.6997685185185185 0.011979166666666667 0.024537037037037038
0 0.44140625 0.6770833333333334 0.0109375 0.020833333333333332
0 0.47825520833333335 0.6805555555555556 0.011197916666666667 0.022222222222222223
0 0.47825520833333335 0.7034722222222223 0.011197916666666667 0.02175925925925926
0 0.491796875 0.7043981481481482 0.010677083333333334 0.02361111111111111
0 0.49192708333333335 0.7289351851851852 0.010416666666666666 0.02175925925925926
0 0.515625 0.6831018518518519 0.011458333333333333 0.022685185185185187
0 0.529296875 0.7076388888888889 0.010677083333333334 0.020833333333333332
0 0.5524739583333333 0.7083333333333334 0.011197916666666667 0.022222222222222223
0 0.5524739583333333 0.7331018518518518 0.011197916666666667 0.02361111111111111
0 0.5670572916666666 0.6863425925925926 0.011197916666666667 0.02175925925925926
0 0.5661458333333333 0.7099537037037037 0.011458333333333333 0.022685185185185187
0 0.566015625 0.7351851851851852 0.01171875 0.022222222222222223
0 0.5904947916666666 0.7113425925925926 0.011197916666666667 0.02361111111111111
0 0.5903645833333333 0.736574074074074 0.0109375 0.021296296296296296
0 0.6274739583333333 0.7395833333333334 0.010677083333333334 0.020833333333333332
0 0.6430989583333333 0.7159722222222222 0.010677083333333334 0.020833333333333332
0 0.703515625 0.7451388888888889 0.01171875 0.02175925925925926
0 0.7178385416666667 0.6960648148148149 0.012760416666666666 0.022685185185185187
0 0.718359375 0.7201388888888889 0.01171875 0.02175925925925926
0 0.7180989583333334 0.7451388888888889 0.011197916666666667 0.02175925925925926
0 0.7428385416666666 0.6983796296296296 0.012239583333333333 0.02361111111111111
0 0.7811197916666667 0.7018518518518518 0.011197916666666667 0.023148148148148147
0 0.7959635416666667 0.7025462962962963 0.010677083333333334 0.02175925925925926
0 0.7811197916666667 0.7261574074074074 0.011197916666666667 0.02175925925925926
0 0.795703125 0.7270833333333333 0.012239583333333333 0.02175925925925926