0 0.040755208333333334 0.7993055555555556 0.012239583333333333 0.022685185185185187
0 0.052473958333333334 0.8020833333333334 0.01015625 0.020833333333333332
0 0.039713541666666664 0.8467592592592592 0.01015625 0.023148148148148147
0 0.08815104166666667 0.8481481481481481 0.01328125 0.022222222222222223
0 0.11028645833333334 0.8493055555555555 0.010677083333333334 0.02175925925925926
0 0.11080729166666667 0.8030092592592593 0.010677083333333334 0.020833333333333332
0 0.12408854166666666 0.8039351851851851 0.012760416666666666 0.020833333333333332
0 0.12434895833333333 0.8261574074074074 0.011197916666666667 0.02175925925925926
0 0.15950520833333334 0.8516203703703704 0.012239583333333333 0.022685185185185187
0 0.183203125 0.8263888888888888 0.01171875 0.021296296296296296
0 0.182421875 0.8516203703703704 0.011197916666666667 0.022685185185185187
0 0.19596354166666666 0.8520833333333333 0.011197916666666667 0.02175925925925926
0 0.196484375 0.8280092592592593 0.011197916666666667 0.022685185185185187
0 0.19622395833333334 0.8071759259259259 0.010677083333333334 0.020833333333333332
0 0.21966145833333334 0.8067129629629629 0.01171875 0.02175925925925926
0 0.219921875 0.8280092592592593 0.011197916666666667 0.020833333333333332
0 0.21888020833333333 0.8525462962962963 0.011197916666666667 0.020833333333333332