0 0.033203125 0.7094907407407407 0.010677083333333334 0.018055555555555554
0 0.03216145833333333 0.7590277777777777 0.009635416666666667 0.018055555555555554
0 0.044921875 0.7585648148148149 0.009635416666666667 0.01898148148148148
0 0.06888020833333333 0.7099537037037037 0.010677083333333334 0.01898148148148148
0 0.06770833333333333 0.7590277777777777 0.008333333333333333 0.018055555555555554
0 0.08033854166666667 0.7377314814814815 0.009114583333333334 0.01898148148148148
0 0.08111979166666666 0.7604166666666666 0.010677083333333334 0.020833333333333332
0 0.103515625 0.7368055555555556 0.00859375 0.01898148148148148
0 0.10260416666666666 0.7590277777777777 0.0067708333333333336 0.018055555555555554
0 0.11783854166666667 0.7113425925925926 0.01015625 0.018055555555555554
0 0.116015625 0.7381944444444445 0.009114583333333334 0.018055555555555554
0 0.11614583333333334 0.7618055555555555 0.008854166666666666 0.01990740740740741
0 0.14010416666666667 0.7386574074074074 0.009895833333333333 0.01898148148148148
0 0.13958333333333334 0.7594907407407407 0.008854166666666666 0.01712962962962963
0 0.17526041666666667 0.762962962962963 0.009895833333333333 0.017592592592592594
0 0.18971354166666668 0.7395833333333334 0.011197916666666667 0.01898148148148148
0 0.21341145833333333 0.7131944444444445 0.010677083333333334 0.01990740740740741
0 0.213671875 0.7627314814814815 0.011197916666666667 0.02175925925925926
0 0.2265625 0.7141203703703703 0.009895833333333333 0.01990740740740741
0 0.2506510416666667 0.7400462962962963 0.01015625 0.01990740740740741
0 0.24973958333333332 0.7638888888888888 0.008333333333333333 0.019444444444444445
0 0.287109375 0.7152777777777778 0.009635416666666667 0.021296296296296296
0 0.29934895833333336 0.7409722222222223 0.009635416666666667 0.01990740740740741
0 0.3 0.7655092592592593 0.009375 0.01898148148148148
0 0.32278645833333336 0.7430555555555556 0.009635416666666667 0.019444444444444445
0 0.359375 0.767824074074074 0.009895833333333333 0.01990740740740741
0 0.37278645833333335 0.767824074074074 0.009114583333333334 0.018055555555555554
0 0.37408854166666666 0.7168981481481481 0.009635416666666667 0.01898148148148148
0 0.39700520833333336 0.7446759259259259 0.00859375 0.01898148148148148
0 0.41015625 0.7460648148148148 0.009895833333333333 0.018055555555555554
0 0.41067708333333336 0.7699074074074074 0.009895833333333333 0.017592592592592594
0 0.44895833333333335 0.7210648148148148 0.009375 0.018055555555555554
0 0.447265625 0.7456018518518519 0.009635416666666667 0.01712962962962963
0 0.4479166666666667 0.7699074074074074 0.009375 0.017592592592592594
0 0.47044270833333335 0.7460648148148148 0.01015625 0.018055555555555554
0 0.484375 0.7465277777777778 0.009895833333333333 0.01898148148148148
0 0.5466145833333333 0.7217592592592592 0.009375 0.018518518518518517
0 0.545703125 0.7719907407407407 0.009114583333333334 0.01990740740740741
0 0.5596354166666667 0.7738425925925926 0.009895833333333333 0.018055555555555554
0 0.5845052083333333 0.7222222222222222 0.009635416666666667 0.019444444444444445
0 0.583984375 0.7733796296296296 0.010677083333333334 0.01898148148148148
0 0.5986979166666667 0.7243055555555555 0.009895833333333333 0.018055555555555554
0 0.5959635416666667 0.749537037037037 0.009114583333333334 0.018518518518518517
0 0.6205729166666667 0.75 0.009895833333333333 0.017592592592592594
0 0.6345052083333333 0.7243055555555555 0.01015625 0.018055555555555554
0 0.6727864583333333 0.7766203703703703 0.009635416666666667 0.01990740740740741
0 0.6967447916666667 0.7525462962962963 0.009635416666666667 0.020833333333333332
0 0.6970052083333333 0.7766203703703703 0.009114583333333334 0.02175925925925926
0 0.711328125 0.7261574074074074 0.010677083333333334 0.01990740740740741
0 0.7100260416666667 0.7534722222222222 0.010677083333333334 0.020833333333333332
0 0.7106770833333333 0.7777777777777778 0.010416666666666666 0.019444444444444445
0 0.7734375 0.7291666666666666 0.0109375 0.019444444444444445
0 0.787890625 0.7280092592592593 0.011197916666666667 0.01990740740740741
0 0.7727864583333334 0.7803240740740741 0.01015625 0.01898148148148148
0 0.826171875 0.78125 0.010677083333333334 0.01898148148148148
0 0.851171875 0.7300925925925926 0.010677083333333334 0.019444444444444445
0 0.8510416666666667 0.7831018518518519 0.009895833333333333 0.020833333333333332
0 0.866015625 0.7310185185185185 0.009114583333333334 0.017592592592592594
0 0.8641927083333333 0.7581018518518519 0.010677083333333334 0.01990740740740741
0 0.8899739583333334 0.7581018518518519 0.01015625 0.01990740740740741
0 0.905078125 0.7326388888888888 0.011197916666666667 0.01898148148148148
0 0.9428385416666667 0.7847222222222222 0.010677083333333334 0.021296296296296296
0 0.9673177083333333 0.7599537037037037 0.009635416666666667 0.01990740740740741
0 0.9673177083333333 0.7851851851851852 0.009635416666666667 0.020370370370370372
0 0.983203125 0.7340277777777777 0.01015625 0.01990740740740741
0 0.9811197916666666 0.7594907407407407 0.011197916666666667 0.01898148148148148
0 0.9811197916666666 0.7851851851851852 0.011197916666666667 0.020370370370370372