0 0.24778645833333332 0.46574074074074073 0.011197916666666667 0.020370370370370372
0 0.26028645833333336 0.4668981481481482 0.010677083333333334 0.01898148148148148
0 0.28411458333333334 0.46597222222222223 0.009895833333333333 0.020833333333333332
0 0.283203125 0.4925925925925926 0.009635416666666667 0.018518518518518517
0 0.259765625 0.4935185185185185 0.009635416666666667 0.020370370370370372
0 0.24661458333333333 0.5164351851851852 0.0109375 0.020833333333333332
0 0.319921875 0.49421296296296297 0.010677083333333334 0.01990740740740741
0 0.3203125 0.5173611111111112 0.008854166666666666 0.01898148148148148
0 0.33424479166666665 0.4673611111111111 0.011197916666666667 0.01990740740740741
0 0.33359375 0.4935185185185185 0.008854166666666666 0.020370370370370372
0 0.33346354166666664 0.51875 0.009635416666666667 0.01990740740740741
0 0.356640625 0.46875 0.01015625 0.01898148148148148
0 0.3703125 0.5192129629629629 0.010416666666666666 0.01898148148148148
0 0.39427083333333335 0.46828703703703706 0.010416666666666666 0.01990740740740741
0 0.407421875 0.46828703703703706 0.011197916666666667 0.01990740740740741
0 0.4069010416666667 0.49560185185185185 0.01015625 0.01898148148148148
0 0.39361979166666666 0.5196759259259259 0.010677083333333334 0.01990740740740741
0 0.430859375 0.46782407407407406 0.009114583333333334 0.01898148148148148
0 0.444921875 0.46967592592592594 0.010677083333333334 0.020833333333333332
0 0.44388020833333336 0.49745370370370373 0.010677083333333334 0.020833333333333332
0 0.4446614583333333 0.5199074074074074 0.01015625 0.019444444444444445
0 0.468359375 0.46875 0.010677083333333334 0.020833333333333332
0 0.48216145833333335 0.46921296296296294 0.011197916666666667 0.01990740740740741
0 0.48072916666666665 0.4960648148148148 0.010416666666666666 0.018055555555555554
0 0.46731770833333336 0.5203703703703704 0.010677083333333334 0.020370370370370372
0 0.48125 0.5208333333333334 0.010416666666666666 0.019444444444444445
0 0.50390625 0.5219907407407407 0.0109375 0.01990740740740741
0 0.5170572916666667 0.4710648148148148 0.009635416666666667 0.01990740740740741
0 0.518359375 0.4979166666666667 0.01015625 0.01990740740740741
0 0.5549479166666667 0.5224537037037037 0.010416666666666666 0.020833333333333332
0 0.5795572916666667 0.47152777777777777 0.009635416666666667 0.01898148148148148
0 0.5930989583333334 0.4710648148148148 0.01015625 0.01990740740740741
0 0.593359375 0.49745370370370373 0.010677083333333334 0.020833333333333332
0 0.5795572916666667 0.5212962962962963 0.010677083333333334 0.020370370370370372
0 0.593359375 0.5229166666666667 0.010677083333333334 0.01990740740740741
0 0.616796875 0.5238425925925926 0.010677083333333334 0.01990740740740741
0 0.6311197916666667 0.47152777777777777 0.01015625 0.01898148148148148
0 0.630859375 0.5229166666666667 0.010677083333333334 0.018055555555555554
0 0.655078125 0.4724537037037037 0.01015625 0.01990740740740741
0 0.66796875 0.4724537037037037 0.0109375 0.01990740740740741
0 0.6671875 0.49930555555555556 0.010416666666666666 0.020833333333333332
0 0.6548177083333333 0.5238425925925926 0.010677083333333334 0.01990740740740741
0 0.6916666666666667 0.4724537037037037 0.011458333333333333 0.01990740740740741
0 0.7688802083333334 0.5266203703703703 0.011197916666666667 0.01990740740740741
0 0.7826822916666667 0.47430555555555554 0.01171875 0.01990740740740741
0 0.7821614583333333 0.5011574074074074 0.010677083333333334 0.02175925925925926
0 0.783203125 0.5261574074074075 0.010677083333333334 0.020833333333333332
0 0.8063802083333333 0.4756944444444444 0.011197916666666667 0.020833333333333332
0 0.820703125 0.4738425925925926 0.01171875 0.020833333333333332