0 0.10052083333333334 0.6736111111111112 0.0078125 0.017592592592592594
0 0.11380208333333333 0.6983796296296296 0.008854166666666666 0.01990740740740741
0 0.11432291666666666 0.7206018518518519 0.008854166666666666 0.01712962962962963
0 0.13697916666666668 0.6993055555555555 0.009375 0.018055555555555554
0 0.17434895833333333 0.7196759259259259 0.009635416666666667 0.01898148148148148
0 0.18723958333333332 0.7206018518518519 0.009375 0.01898148148148148
0 0.18802083333333333 0.674074074074074 0.008854166666666666 0.016666666666666666
0 0.21067708333333332 0.7 0.008333333333333333 0.016666666666666666
0 0.22486979166666668 0.6990740740740741 0.008072916666666667 0.016666666666666666
0 0.22513020833333333 0.7217592592592592 0.00859375 0.018518518518518517
0 0.24739583333333334 0.6993055555555555 0.009375 0.01990740740740741
0 0.24765625 0.6759259259259259 0.0078125 0.016666666666666666
0 0.26067708333333334 0.675 0.008854166666666666 0.016666666666666666
0 0.28411458333333334 0.674537037037037 0.0078125 0.017592592592592594
0 0.2838541666666667 0.7 0.008333333333333333 0.016666666666666666
0 0.2838541666666667 0.7206018518518519 0.009375 0.01898148148148148
0 0.29856770833333335 0.6754629629629629 0.008072916666666667 0.017592592592592594
0 0.29856770833333335 0.7226851851851852 0.008072916666666667 0.016666666666666666
0 0.32109375 0.7217592592592592 0.008333333333333333 0.016666666666666666
0 0.35911458333333335 0.6754629629629629 0.008333333333333333 0.017592592592592594
0 0.35885416666666664 0.7222222222222222 0.008854166666666666 0.017592592592592594
0 0.37213541666666666 0.6995370370370371 0.008854166666666666 0.017592592592592594
0 0.373046875 0.6761574074074074 0.00859375 0.01712962962962963
0 0.3958333333333333 0.6784722222222223 0.008333333333333333 0.018055555555555554
0 0.3958333333333333 0.7016203703703704 0.009375 0.02175925925925926
0 0.408984375 0.7018518518518518 0.01015625 0.020370370370370372
0 0.40911458333333334 0.7247685185185185 0.008854166666666666 0.01898148148148148
0 0.43255208333333334 0.6775462962962963 0.008854166666666666 0.018055555555555554
0 0.44635416666666666 0.7030092592592593 0.008854166666666666 0.01898148148148148
0 0.47018229166666664 0.7247685185185185 0.00859375 0.01898148148148148
0 0.47018229166666664 0.7027777777777777 0.00859375 0.018518518518518517
0 0.48385416666666664 0.6780092592592593 0.009895833333333333 0.01898148148148148
0 0.5072916666666667 0.6789351851851851 0.009895833333333333 0.01712962962962963
0 0.5446614583333333 0.6800925925925926 0.009114583333333334 0.018518518518518517
0 0.5446614583333333 0.7034722222222223 0.009114583333333334 0.018055555555555554
0 0.5580729166666667 0.7048611111111112 0.009895833333333333 0.01712962962962963
0 0.55859375 0.6805555555555556 0.009895833333333333 0.017592592592592594
0 0.5828125 0.6800925925925926 0.010416666666666666 0.018518518518518517
0 0.5963541666666666 0.680324074074074 0.009375 0.01990740740740741
0 0.595703125 0.705324074074074 0.00859375 0.01990740740740741
0 0.6203125 0.6805555555555556 0.009375 0.019444444444444445
0 0.6330729166666667 0.7071759259259259 0.009375 0.018055555555555554
0 0.6338541666666667 0.7291666666666666 0.008854166666666666 0.019444444444444445
0 0.6579427083333333 0.7074074074074074 0.009114583333333334 0.017592592592592594
0 0.6958333333333333 0.6840277777777778 0.009895833333333333 0.01898148148148148
0 0.6947916666666667 0.7305555555555555 0.008854166666666666 0.016666666666666666
0 0.709765625 0.6821759259259259 0.009114583333333334 0.01712962962962963
0 0.7095052083333333 0.7083333333333334 0.009635416666666667 0.019444444444444445
0 0.734375 0.6831018518518519 0.009895833333333333 0.01898148148148148
0 0.7341145833333333 0.7083333333333334 0.008333333333333333 0.017592592592592594
0 0.748046875 0.731712962962963 0.00859375 0.01712962962962963
0 0.772265625 0.73125 0.01015625 0.01990740740740741
0 0.7729166666666667 0.6835648148148148 0.008854166666666666 0.018055555555555554
0 0.7868489583333333 0.6840277777777778 0.01015625 0.01898148148148148
0 0.810546875 0.7326388888888888 0.00859375 0.01712962962962963
0 0.825 0.7094907407407407 0.010416666666666666 0.01990740740740741
0 0.849609375 0.6863425925925926 0.009635416666666667 0.01990740740740741
0 0.8490885416666667 0.7099537037037037 0.009635416666666667 0.01898148148148148
0 0.8635416666666667 0.6854166666666667 0.009375 0.018055555555555554
0 0.8635416666666667 0.7108796296296296 0.010416666666666666 0.01898148148148148
0 0.8889322916666667 0.6861111111111111 0.01015625 0.018518518518518517
0 0.9033854166666667 0.6865740740740741 0.009895833333333333 0.019444444444444445
0 0.9026041666666667 0.7118055555555556 0.009375 0.01712962962962963
0 0.943359375 0.687037037037037 0.00859375 0.018518518518518517
0 0.9411458333333333 0.7113425925925926 0.010416666666666666 0.01990740740740741
0 0.9423177083333333 0.7354166666666667 0.010677083333333334 0.020833333333333332
0 0.966796875 0.7118055555555556 0.009635416666666667 0.01898148148148148
0 0.9815104166666667 0.7127314814814815 0.009895833333333333 0.01898148148148148
0 0.02890625 0.8854166666666666 0.0067708333333333336 0.01712962962962963
0 0.0296875 0.9078703703703703 0.0078125 0.01574074074074074
0 0.041276041666666666 0.9097222222222222 0.006510416666666667 0.01574074074074074
0 0.030208333333333334 0.9356481481481481 0.008854166666666666 0.017592592592592594
0 0.06484375 0.937962962962963 0.008854166666666666 0.018518518518518517
0 0.07838541666666667 0.8868055555555555 0.009375 0.016203703703703703
0 0.07890625 0.9120370370370371 0.008333333333333333 0.016666666666666666
0 0.1125 0.9391203703703703 0.008333333333333333 0.020833333333333332
0 0.1359375 0.9145833333333333 0.008333333333333333 0.018055555555555554
0 0.13619791666666667 0.9423611111111111 0.008854166666666666 0.018055555555555554
0 0.150390625 0.8905092592592593 0.009635416666666667 0.020833333333333332
0 0.14986979166666667 0.9159722222222222 0.00859375 0.01898148148148148
0 0.20963541666666666 0.892824074074074 0.008333333333333333 0.018055555555555554
0 0.20885416666666667 0.9435185185185185 0.007291666666666667 0.017592592592592594
0 0.22408854166666667 0.9166666666666666 0.009635416666666667 0.019444444444444445
0 0.24609375 0.9444444444444444 0.008854166666666666 0.019444444444444445
0 0.25950520833333335 0.9171296296296296 0.008072916666666667 0.018518518518518517
0 0.25950520833333335 0.8935185185185185 0.008072916666666667 0.016666666666666666
0 0.2955729166666667 0.9449074074074074 0.008333333333333333 0.018518518518518517
0 0.31979166666666664 0.9439814814814815 0.0078125 0.018518518518518517
0 0.3203125 0.91875 0.008854166666666666 0.01990740740740741
0 0.33372395833333335 0.9182870370370371 0.009114583333333334 0.01898148148148148
0 0.33346354166666664 0.8958333333333334 0.009635416666666667 0.019444444444444445