0 0.10299479166666667 0.8738425925925926 0.009635416666666667 0.018055555555555554
0 0.11575520833333333 0.8979166666666667 0.009635416666666667 0.01990740740740741
0 0.11627604166666666 0.9201388888888888 0.009635416666666667 0.020833333333333332
0 0.13841145833333332 0.8997685185185185 0.01015625 0.01990740740740741
0 0.17434895833333333 0.9201388888888888 0.01171875 0.020833333333333332
0 0.18723958333333332 0.9215277777777777 0.010416666666666666 0.01990740740740741
0 0.18802083333333333 0.875 0.009895833333333333 0.019444444444444445
0 0.21041666666666667 0.9016203703703703 0.009895833333333333 0.01990740740740741
0 0.22395833333333334 0.9011574074074075 0.009375 0.01898148148148148
0 0.22408854166666667 0.9231481481481482 0.009635416666666667 0.020370370370370372
0 0.24609375 0.9011574074074075 0.0109375 0.020833333333333332
0 0.24661458333333333 0.8780092592592592 0.009895833333333333 0.018055555555555554
0 0.25950520833333335 0.8770833333333333 0.009114583333333334 0.018055555555555554
0 0.28294270833333335 0.8775462962962963 0.01015625 0.01898148148148148
0 0.29661458333333335 0.8784722222222222 0.010416666666666666 0.01898148148148148
0 0.28268229166666664 0.9016203703703703 0.009635416666666667 0.018055555555555554
0 0.282421875 0.9224537037037037 0.01015625 0.01990740740740741
0 0.296875 0.925 0.009895833333333333 0.018518518518518517
0 0.31888020833333336 0.9236111111111112 0.009635416666666667 0.019444444444444445
0 0.35598958333333336 0.8780092592592592 0.009895833333333333 0.018055555555555554
0 0.369921875 0.8798611111111111 0.01015625 0.018055555555555554
0 0.369140625 0.9023148148148148 0.009635416666666667 0.018518518518518517
0 0.35598958333333336 0.924537037037037 0.009895833333333333 0.019444444444444445
0 0.392578125 0.8828703703703704 0.009635416666666667 0.019444444444444445
0 0.39231770833333335 0.9048611111111111 0.01015625 0.02175925925925926
0 0.405859375 0.9048611111111111 0.010677083333333334 0.018055555555555554
0 0.4055989583333333 0.9270833333333334 0.01015625 0.01898148148148148
0 0.4290364583333333 0.8814814814814815 0.01015625 0.018518518518518517
0 0.44192708333333336 0.9071759259259259 0.0109375 0.01898148148148148
0 0.465625 0.90625 0.010416666666666666 0.01898148148148148
0 0.46536458333333336 0.9284722222222223 0.0109375 0.01990740740740741
0 0.479296875 0.8826388888888889 0.011197916666666667 0.020833333333333332
0 0.5024739583333333 0.8840277777777777 0.010677083333333334 0.018055555555555554
0 0.5395833333333333 0.8844907407407407 0.009895833333333333 0.01898148148148148
0 0.5393229166666667 0.9083333333333333 0.010416666666666666 0.018518518518518517
0 0.5524739583333333 0.8854166666666666 0.01015625 0.01898148148148148
0 0.551953125 0.9101851851851852 0.01015625 0.018518518518518517
0 0.5766927083333333 0.8849537037037037 0.010677083333333334 0.018055555555555554
0 0.5903645833333333 0.8849537037037037 0.0109375 0.01990740740740741
0 0.5893229166666667 0.9101851851851852 0.0109375 0.020370370370370372
0 0.6140625 0.8863425925925926 0.010416666666666666 0.01898148148148148
0 0.6264322916666667 0.9122685185185185 0.010677083333333334 0.01898148148148148
0 0.6274739583333333 0.9340277777777778 0.010677083333333334 0.020833333333333332
0 0.6506510416666667 0.9136574074074074 0.01015625 0.018055555555555554
0 0.6881510416666666 0.8914351851851852 0.011197916666666667 0.020833333333333332
0 0.7022135416666667 0.8888888888888888 0.010677083333333334 0.019444444444444445
0 0.7016927083333333 0.9136574074074074 0.010677083333333334 0.01990740740740741
0 0.6872395833333333 0.9365740740740741 0.010416666666666666 0.019444444444444445
0 0.7264322916666667 0.8909722222222223 0.011197916666666667 0.01990740740740741
0 0.7260416666666667 0.9159722222222222 0.009895833333333333 0.01898148148148148
0 0.7397135416666667 0.9386574074074074 0.010677083333333334 0.01990740740740741
0 0.7641927083333333 0.8909722222222223 0.010677083333333334 0.01990740740740741
0 0.778515625 0.892824074074074 0.011197916666666667 0.01990740740740741
0 0.763671875 0.9391203703703703 0.01171875 0.020833333333333332
0 0.801953125 0.9405092592592592 0.011197916666666667 0.018055555555555554
0 0.8161458333333333 0.9182870370370371 0.011458333333333333 0.020833333333333332
0 0.83984375 0.8953703703703704 0.0109375 0.020370370370370372
0 0.854296875 0.8953703703703704 0.01015625 0.020370370370370372
0 0.8393229166666667 0.919675925925926 0.0109375 0.01990740740740741
0 0.8540364583333333 0.9201388888888888 0.010677083333333334 0.01898148148148148
0 0.87890625 0.8953703703703704 0.0109375 0.020370370370370372
0 0.8936197916666667 0.8965277777777778 0.010677083333333334 0.020833333333333332
0 0.8928385416666667 0.9219907407407407 0.01015625 0.01898148148148148
0 0.932421875 0.8979166666666667 0.01015625 0.01990740740740741
0 0.9305989583333333 0.9219907407407407 0.010677083333333334 0.020833333333333332
0 0.9311197916666667 0.9451388888888889 0.01171875 0.020833333333333332
0 0.9555989583333333 0.9224537037037037 0.010677083333333334 0.01990740740740741
0 0.9701822916666667 0.924074074074074 0.010677083333333334 0.020370370370370372