0 0.046875 0.3760504201680672 0.0078125 0.07563025210084033
0 0.060286458333333334 0.49054621848739494 0.009114583333333334 0.09033613445378151
0 0.060546875 0.5882352941176471 0.009635416666666667 0.08403361344537816
0 0.08424479166666667 0.49054621848739494 0.009114583333333334 0.0819327731092437
0 0.12174479166666667 0.582983193277311 0.011197916666666667 0.09453781512605042
0 0.13528645833333333 0.5892857142857143 0.009635416666666667 0.09033613445378151
0 0.1359375 0.37184873949579833 0.009375 0.08403361344537816
0 0.15963541666666667 0.49264705882352944 0.008854166666666666 0.07773109243697479
0 0.17421875 0.49054621848739494 0.008854166666666666 0.0819327731092437
0 0.17434895833333333 0.5892857142857143 0.009635416666666667 0.09033613445378151
0 0.19674479166666667 0.4884453781512605 0.009635416666666667 0.0861344537815126
0 0.197265625 0.38235294117647056 0.00859375 0.07983193277310924
0 0.21067708333333332 0.37815126050420167 0.009375 0.07983193277310924
0 0.23463541666666668 0.3739495798319328 0.008333333333333333 0.07983193277310924
0 0.24856770833333333 0.37815126050420167 0.009635416666666667 0.07983193277310924
0 0.23463541666666668 0.49264705882352944 0.009375 0.07773109243697479
0 0.234375 0.5850840336134454 0.009895833333333333 0.09033613445378151
0 0.24908854166666666 0.5903361344537815 0.009635416666666667 0.08823529411764706
0 0.27174479166666665 0.5840336134453782 0.008072916666666667 0.07563025210084033
0 0.30963541666666666 0.3760504201680672 0.008854166666666666 0.07563025210084033
0 0.3098958333333333 0.5861344537815126 0.009375 0.07983193277310924
0 0.32265625 0.48634453781512604 0.008854166666666666 0.07352941176470588
0 0.32369791666666664 0.38235294117647056 0.009895833333333333 0.07983193277310924
0 0.3463541666666667 0.3918067226890756 0.009375 0.0819327731092437
0 0.34622395833333336 0.49789915966386555 0.009635416666666667 0.09663865546218488
0 0.359765625 0.4989495798319328 0.010677083333333334 0.09033613445378151
0 0.359765625 0.5945378151260504 0.010677083333333334 0.08823529411764706
0 0.38385416666666666 0.38760504201680673 0.008854166666666666 0.0819327731092437
0 0.397265625 0.5052521008403361 0.009114583333333334 0.0819327731092437
0 0.42096354166666666 0.49789915966386555 0.009635416666666667 0.08403361344537816
0 0.420703125 0.5976890756302521 0.01015625 0.09453781512605042
0 0.43515625 0.3939075630252101 0.008854166666666666 0.07773109243697479
0 0.4578125 0.3918067226890756 0.009375 0.0819327731092437
0 0.49388020833333335 0.3939075630252101 0.009114583333333334 0.07773109243697479
0 0.49388020833333335 0.5 0.009114583333333334 0.07983193277310924
0 0.5072916666666667 0.3939075630252101 0.008854166666666666 0.07773109243697479
0 0.50703125 0.5042016806722689 0.009375 0.07983193277310924
0 0.5315104166666667 0.3918067226890756 0.009375 0.0819327731092437
0 0.5446614583333333 0.3897058823529412 0.009114583333333334 0.0861344537815126
0 0.5434895833333333 0.5031512605042017 0.008854166666666666 0.0861344537815126
0 0.56796875 0.3918067226890756 0.008854166666666666 0.0819327731092437
0 0.580078125 0.5052521008403361 0.00859375 0.0819327731092437
0 0.5803385416666667 0.6039915966386554 0.009114583333333334 0.09033613445378151
0 0.6041666666666666 0.5042016806722689 0.009375 0.07983193277310924
0 0.640625 0.40441176470588236 0.009895833333333333 0.09033613445378151
0 0.65390625 0.3960084033613445 0.008854166666666666 0.0819327731092437
0 0.653515625 0.5073529411764706 0.01015625 0.0861344537815126
0 0.6395833333333333 0.6060924369747899 0.008854166666666666 0.07773109243697479
0 0.6772135416666667 0.3960084033613445 0.009635416666666667 0.09033613445378151
0 0.67734375 0.5073529411764706 0.008854166666666666 0.0861344537815126
0 0.690625 0.6060924369747899 0.009375 0.07773109243697479
0 0.7138020833333333 0.3939075630252101 0.008854166666666666 0.0861344537815126
0 0.7274739583333333 0.39810924369747897 0.009635416666666667 0.0861344537815126
0 0.7134114583333333 0.601890756302521 0.009635416666666667 0.0861344537815126
0 0.75 0.601890756302521 0.008854166666666666 0.07773109243697479
0 0.763671875 0.5052521008403361 0.009635416666666667 0.09033613445378151
0 0.7861979166666667 0.40021008403361347 0.009895833333333333 0.09033613445378151
0 0.7859375 0.5052521008403361 0.009375 0.0819327731092437
0 0.79921875 0.3960084033613445 0.008854166666666666 0.0819327731092437
0 0.7994791666666666 0.5073529411764706 0.009375 0.0861344537815126
0 0.8231770833333333 0.3960084033613445 0.009895833333333333 0.0819327731092437
0 0.8364583333333333 0.39810924369747897 0.009895833333333333 0.0861344537815126
0 0.8361979166666667 0.5073529411764706 0.008333333333333333 0.07773109243697479
0 0.87421875 0.3960084033613445 0.009375 0.0819327731092437
0 0.8725260416666667 0.5031512605042017 0.009635416666666667 0.0861344537815126
0 0.8733072916666667 0.6060924369747899 0.01015625 0.09453781512605042
0 0.896484375 0.5042016806722689 0.00859375 0.07983193277310924
0 0.9104166666666667 0.5052521008403361 0.010416666666666666 0.0819327731092437