0 0.30247395833333335 0.21851851851851853 0.0049479166666666664 0.011111111111111112
0 0.312890625 0.21944444444444444 0.005989583333333334 0.011111111111111112
0 0.3125 0.24050925925925926 0.005208333333333333 0.010648148148148148
0 0.301953125 0.25833333333333336 0.005989583333333334 0.011111111111111112
0 0.3319010416666667 0.22013888888888888 0.005989583333333334 0.00787037037037037
0 0.3319010416666667 0.24050925925925926 0.005989583333333334 0.010648148148148148
0 0.3390625 0.24004629629629629 0.0020833333333333333 0.00787037037037037
0 0.373046875 0.21944444444444444 0.005989583333333334 0.011111111111111112
0 0.39153645833333334 0.22199074074074074 0.0049479166666666664 0.011574074074074073
0 0.36158854166666665 0.24212962962962964 0.0049479166666666664 0.012037037037037037
0 0.37252604166666664 0.24212962962962964 0.0049479166666666664 0.012037037037037037
0 0.36158854166666665 0.26157407407407407 0.0049479166666666664 0.011111111111111112
0 0.37252604166666664 0.26157407407407407 0.0049479166666666664 0.011111111111111112
0 0.4024739583333333 0.262037037037037 0.0049479166666666664 0.010185185185185186
0 0.421484375 0.2224537037037037 0.0049479166666666664 0.010648148148148148
0 0.43190104166666665 0.2224537037037037 0.005989583333333334 0.010648148148148148
0 0.451953125 0.2224537037037037 0.005989583333333334 0.010648148148148148
0 0.462109375 0.2224537037037037 0.005989583333333334 0.010648148148148148
0 0.482421875 0.2224537037037037 0.0049479166666666664 0.010648148148148148
0 0.49309895833333334 0.22361111111111112 0.005989583333333334 0.011111111111111112
0 0.5225260416666667 0.22407407407407406 0.0049479166666666664 0.010185185185185186
0 0.43190104166666665 0.2439814814814815 0.005989583333333334 0.010185185185185186
0 0.462109375 0.24606481481481482 0.005989583333333334 0.009722222222222222
0 0.492578125 0.24606481481481482 0.0049479166666666664 0.009722222222222222
0 0.5225260416666667 0.24606481481481482 0.0049479166666666664 0.009722222222222222
0 0.421484375 0.2650462962962963 0.0049479166666666664 0.009722222222222222
0 0.4625 0.2650462962962963 0.005208333333333333 0.009722222222222222
0 0.48151041666666666 0.2650462962962963 0.005208333333333333 0.009722222222222222
0 0.49309895833333334 0.2650462962962963 0.005989583333333334 0.009722222222222222
0 0.5110677083333334 0.26666666666666666 0.005989583333333334 0.011111111111111112
0 0.5524739583333333 0.26666666666666666 0.0049479166666666664 0.011111111111111112
0 0.5725260416666667 0.225 0.0049479166666666664 0.010185185185185186
0 0.5829427083333333 0.225 0.005989583333333334 0.010185185185185186
0 0.5829427083333333 0.2462962962962963 0.005989583333333334 0.012962962962962963
0 0.5725260416666667 0.26666666666666666 0.0049479166666666664 0.011111111111111112
0 0.5829427083333333 0.26666666666666666 0.005989583333333334 0.011111111111111112
0 0.6154947916666667 0.22592592592592592 0.0049479166666666664 0.010185185185185186
0 0.6329427083333333 0.2263888888888889 0.005989583333333334 0.011111111111111112
0 0.6438802083333334 0.22592592592592592 0.005989583333333334 0.010185185185185186
0 0.664453125 0.225 0.0049479166666666664 0.010185185185185186
0 0.6438802083333334 0.24791666666666667 0.005989583333333334 0.009722222222222222
0 0.6024739583333333 0.26805555555555555 0.0049479166666666664 0.010185185185185186
0 0.614453125 0.2675925925925926 0.0049479166666666664 0.009259259259259259
0 0.6329427083333333 0.26805555555555555 0.005989583333333334 0.010185185185185186
0 0.7375 0.2275462962962963 0.005208333333333333 0.010648148148148148
0 0.7569010416666667 0.2263888888888889 0.005989583333333334 0.011111111111111112
0 0.7684895833333333 0.2263888888888889 0.0067708333333333336 0.011111111111111112
0 0.737109375 0.24861111111111112 0.005989583333333334 0.011111111111111112
0 0.7259114583333334 0.2689814814814815 0.005989583333333334 0.012037037037037037
0 0.737890625 0.26944444444444443 0.005989583333333334 0.011111111111111112
0 0.148046875 0.3958333333333333 0.005989583333333334 0.012037037037037037
0 0.17955729166666667 0.3974537037037037 0.0049479166666666664 0.010648148148148148
0 0.21940104166666666 0.3990740740740741 0.0049479166666666664 0.010185185185185186
0 0.29908854166666665 0.40208333333333335 0.005989583333333334 0.009722222222222222
0 0.3704427083333333 0.4025462962962963 0.0049479166666666664 0.008796296296296297
0 0.419921875 0.4039351851851852 0.005989583333333334 0.009722222222222222
0 0.480078125 0.4046296296296296 0.005989583333333334 0.011111111111111112
0 0.491015625 0.4050925925925926 0.005989583333333334 0.012037037037037037
0 0.5204427083333333 0.40694444444444444 0.0049479166666666664 0.010185185185185186
0 0.5404947916666667 0.4064814814814815 0.0049479166666666664 0.011111111111111112
0 0.5809895833333333 0.4085648148148148 0.004166666666666667 0.008796296296296297
0 0.6009114583333334 0.4083333333333333 0.005989583333333334 0.011111111111111112
0 0.6315104166666666 0.4083333333333333 0.005208333333333333 0.011111111111111112
0 0.6430989583333333 0.40902777777777777 0.005989583333333334 0.009722222222222222
0 0.189453125 0.41550925925925924 0.0049479166666666664 0.010648148148148148
0 0.20846354166666667 0.41597222222222224 0.0049479166666666664 0.009722222222222222
0 0.21940104166666666 0.4166666666666667 0.0049479166666666664 0.011111111111111112
0 0.23841145833333333 0.4166666666666667 0.0049479166666666664 0.011111111111111112
0 0.30950520833333334 0.4185185185185185 0.0049479166666666664 0.011111111111111112
0 0.32903645833333334 0.41898148148148145 0.005989583333333334 0.012037037037037037
0 0.38841145833333335 0.4219907407407407 0.0049479166666666664 0.009722222222222222
0 0.39947916666666666 0.4219907407407407 0.005208333333333333 0.009722222222222222
0 0.430078125 0.4224537037037037 0.005989583333333334 0.010648148148148148
0 0.44947916666666665 0.4224537037037037 0.005208333333333333 0.010648148148148148
0 0.49049479166666665 0.425 0.0049479166666666664 0.010185185185185186
0 0.519921875 0.425 0.005989583333333334 0.010185185185185186
0 0.539453125 0.425 0.0049479166666666664 0.010185185185185186
0 0.5704427083333333 0.425 0.0049479166666666664 0.010185185185185186
0 0.5815104166666667 0.42592592592592593 0.005208333333333333 0.010185185185185186
0 0.642578125 0.4275462962962963 0.0049479166666666664 0.010648148148148148
0 0.14752604166666666 0.43495370370370373 0.0049479166666666664 0.009722222222222222
0 0.15846354166666668 0.4356481481481482 0.0049479166666666664 0.011111111111111112
0 0.17799479166666668 0.4356481481481482 0.005989583333333334 0.011111111111111112
0 0.18893229166666667 0.43657407407407406 0.005989583333333334 0.011111111111111112
0 0.20794270833333334 0.43796296296296294 0.005989583333333334 0.010185185185185186
0 0.21848958333333332 0.43796296296296294 0.005208333333333333 0.010185185185185186
0 0.237890625 0.43796296296296294 0.005989583333333334 0.010185185185185186
0 0.26809895833333336 0.4388888888888889 0.005989583333333334 0.010185185185185186
0 0.308984375 0.44004629629629627 0.005989583333333334 0.009722222222222222
0 0.357421875 0.44166666666666665 0.0049479166666666664 0.011111111111111112
0 0.36888020833333335 0.44166666666666665 0.005989583333333334 0.011111111111111112
0 0.3990885416666667 0.44212962962962965 0.005989583333333334 0.010185185185185186
0 0.4295572916666667 0.4425925925925926 0.0049479166666666664 0.011111111111111112
0 0.47955729166666666 0.4439814814814815 0.0049479166666666664 0.012037037037037037
0 0.5084635416666666 0.44583333333333336 0.0049479166666666664 0.012037037037037037
0 0.569921875 0.4465277777777778 0.005989583333333334 0.010648148148148148
0 0.5811197916666667 0.4465277777777778 0.005989583333333334 0.010648148148148148
0 0.612109375 0.4474537037037037 0.005989583333333334 0.010648148148148148
0 0.6311197916666667 0.4486111111111111 0.005989583333333334 0.011111111111111112
0 0.14440104166666667 0.5736111111111111 0.0049479166666666664 0.011111111111111112
0 0.15559895833333334 0.5736111111111111 0.0049479166666666664 0.011111111111111112
0 0.175 0.5724537037037037 0.00625 0.010648148148148148
0 0.216015625 0.5745370370370371 0.005989583333333334 0.011111111111111112
0 0.23658854166666668 0.575 0.0049479166666666664 0.010185185185185186
0 0.2654947916666667 0.5763888888888888 0.0049479166666666664 0.011111111111111112
0 0.27591145833333336 0.5763888888888888 0.005989583333333334 0.011111111111111112
0 0.296484375 0.5763888888888888 0.0049479166666666664 0.011111111111111112
0 0.3255208333333333 0.5770833333333333 0.005208333333333333 0.009722222222222222
0 0.387109375 0.5805555555555556 0.005989583333333334 0.011111111111111112
0 0.39752604166666666 0.5805555555555556 0.0049479166666666664 0.011111111111111112
0 0.155078125 0.5953703703703703 0.005989583333333334 0.011111111111111112
0 0.175 0.5944444444444444 0.00625 0.011111111111111112
0 0.20559895833333333 0.5944444444444444 0.0049479166666666664 0.011111111111111112
0 0.216015625 0.5953703703703703 0.005989583333333334 0.011111111111111112
0 0.27591145833333336 0.5995370370370371 0.005989583333333334 0.011111111111111112
0 0.29596354166666666 0.5990740740740741 0.005989583333333334 0.010185185185185186
0 0.3065104166666667 0.5995370370370371 0.005208333333333333 0.011111111111111112
0 0.3365885416666667 0.600925925925926 0.0049479166666666664 0.010185185185185186
0 0.396484375 0.6013888888888889 0.0049479166666666664 0.011111111111111112
0 0.142578125 0.6150462962962963 0.0049479166666666664 0.009722222222222222
0 0.20455729166666667 0.6150462962962963 0.0049479166666666664 0.009722222222222222
0 0.216015625 0.6155092592592593 0.005989583333333334 0.010648148148148148
0 0.246484375 0.6166666666666667 0.0049479166666666664 0.011111111111111112
0 0.2649739583333333 0.6185185185185185 0.005989583333333334 0.011111111111111112
0 0.30611979166666664 0.6189814814814815 0.005989583333333334 0.010185185185185186
0 0.27914583333333337 0.4179907407407408 0.009098958333333348 0.014749999999999954
0 0.5099843749999999 0.40728703703703706 0.007760416666666714 0.014273148148148115