0 0.3344765881300328 0.32868852459016396 0.01103489412466448 0.03114754098360656
0 0.3489412466447957 0.32868852459016396 0.010140172979421413 0.03114754098360656
0 0.3480465254995526 0.3770491803278688 0.010140172979421413 0.027868852459016394
0 0.33298538622129437 0.41721311475409834 0.009841932597673724 0.03114754098360656
0 0.37548464062034 0.32868852459016396 0.010736653742916791 0.03114754098360656
0 0.37548464062034 0.3737704918032787 0.010736653742916791 0.027868852459016394
0 0.4169400536832687 0.37540983606557377 0.011929615269907545 0.03114754098360656
0 0.4179838950193856 0.41721311475409834 0.009841932597673724 0.03114754098360656
0 0.4325976737250224 0.4204918032786885 0.01103489412466448 0.03114754098360656
0 0.4330450342976439 0.37540983606557377 0.010140172979421413 0.03114754098360656
0 0.4330450342976439 0.32868852459016396 0.011929615269907545 0.03114754098360656
0 0.4589919475096928 0.32868852459016396 0.011929615269907545 0.03114754098360656
0 0.47494780793319413 0.4204918032786885 0.009841932597673724 0.03114754098360656
0 0.5014912019087384 0.41721311475409834 0.01103489412466448 0.03114754098360656
0 0.5159558604235014 0.3770491803278688 0.010140172979421413 0.027868852459016394
0 0.5164032209961229 0.330327868852459 0.01103489412466448 0.027868852459016394
0 0.5019385624813599 0.32868852459016396 0.010140172979421413 0.03114754098360656
0 0.5433939755442887 0.330327868852459 0.008947211452430659 0.027868852459016394
0 0.558455114822547 0.330327868852459 0.01103489412466448 0.027868852459016394
0 0.5580077542499254 0.37868852459016394 0.011929615269907545 0.03114754098360656
0 0.5594989561586639 0.41721311475409834 0.010736653742916791 0.03114754098360656
0 0.5855949895615866 0.4204918032786885 0.01103489412466448 0.03114754098360656
0 0.6005070086489711 0.4204918032786885 0.01103489412466448 0.03114754098360656
0 0.6009543692215926 0.3315573770491803 0.011929615269907545 0.030327868852459017
0 0.5860423501342081 0.3315573770491803 0.010140172979421413 0.030327868852459017
0 0.62645392186102 0.4204918032786885 0.01103489412466448 0.03114754098360656
0 0.6419624217118998 0.37868852459016394 0.009841932597673724 0.03114754098360656
0 0.6415150611392783 0.3315573770491803 0.010736653742916791 0.030327868852459017
0 0.6834178347748285 0.4204918032786885 0.01103489412466448 0.03114754098360656
0 0.7099612287503728 0.3315573770491803 0.009841932597673724 0.030327868852459017
0 0.7245750074560096 0.3315573770491803 0.01103489412466448 0.030327868852459017
0 0.7245750074560096 0.37868852459016394 0.01103489412466448 0.03114754098360656
0 0.7259170891738741 0.4204918032786885 0.011929615269907545 0.03114754098360656
0 0.7110050700864897 0.4204918032786885 0.010140172979421413 0.03114754098360656
0 0.7505219206680585 0.4237704918032787 0.01103489412466448 0.03114754098360656
0 0.7675216224276767 0.42213114754098363 0.01103489412466448 0.027868852459016394
0 0.7930211750671041 0.42213114754098363 0.010140172979421413 0.027868852459016394
0 0.8070384730092455 0.380327868852459 0.010140172979421413 0.027868852459016394
0 0.8079331941544885 0.33278688524590166 0.010140172979421413 0.027868852459016394
0 0.7934685356397256 0.3360655737704918 0.01103489412466448 0.027868852459016394
0 0.7675216224276767 0.3344262295081967 0.01103489412466448 0.02459016393442623
0 0.8329853862212944 0.3360655737704918 0.010140172979421413 0.027868852459016394
0 0.932001192961527 0.3377049180327869 0.011929615269907545 0.03114754098360656
0 0.932001192961527 0.38278688524590165 0.010140172979421413 0.027868852459016394
0 0.9330450342976438 0.4237704918032787 0.009841932597673724 0.03114754098360656
0 0.9170891738741426 0.4237704918032787 0.011929615269907545 0.03114754098360656
0 0.9570533850283328 0.3377049180327869 0.011929615269907545 0.03114754098360656
0 0.9715180435430958 0.3377049180327869 0.01103489412466448 0.03114754098360656
0 0.13197136892335223 0.8020491803278689 0.009841932597673724 0.028688524590163935
0 0.16060244557113032 0.8032786885245902 0.01103489412466448 0.03114754098360656
0 0.1614971667163734 0.7581967213114754 0.01103489412466448 0.027868852459016394
0 0.17640918580375783 0.7565573770491804 0.01103489412466448 0.03114754098360656
0 0.1770056665672532 0.7204918032786886 0.012227855651655234 0.03114754098360656
0 0.2469430360870862 0.7204918032786886 0.011929615269907545 0.03114754098360656
0 0.2634953772740829 0.7204918032786886 0.01103489412466448 0.03114754098360656
0 0.26260065612883987 0.7581967213114754 0.01103489412466448 0.03442622950819672
0 0.2620041753653445 0.8020491803278689 0.009841932597673724 0.028688524590163935
0 0.2889949299135103 0.7172131147540983 0.010140172979421413 0.03114754098360656
0 0.2879510885773934 0.8032786885245902 0.009841932597673724 0.03114754098360656
0 0.305547271100507 0.7598360655737705 0.01103489412466448 0.03114754098360656
0 0.3050999105278855 0.7172131147540983 0.011929615269907545 0.03114754098360656
0 0.3049507903370116 0.8032786885245902 0.009841932597673724 0.03114754098360656
0 0.3314941843125559 0.8032786885245902 0.01103489412466448 0.03114754098360656
0 0.3480465254995526 0.7598360655737705 0.010140172979421413 0.03114754098360656
0 0.3484938860721742 0.7188524590163935 0.01103489412466448 0.027868852459016394
0 0.3890545779898598 0.8020491803278689 0.009841932597673724 0.028688524590163935
0 0.41604533253802567 0.7188524590163935 0.010140172979421413 0.03442622950819672
0 0.4314047121980316 0.7188524590163935 0.01103489412466448 0.027868852459016394
0 0.4314047121980316 0.7581967213114754 0.01103489412466448 0.03442622950819672
0 0.432001192961527 0.8032786885245902 0.009841932597673724 0.03114754098360656
0 0.4164926931106472 0.8032786885245902 0.01103489412466448 0.03114754098360656
0 0.4600357888458097 0.8020491803278689 0.009841932597673724 0.028688524590163935
0 0.4745004473605726 0.8008196721311476 0.010736653742916791 0.03114754098360656
0 0.5005964807634954 0.8020491803278689 0.01103489412466448 0.03360655737704918
0 0.5155084998508798 0.7581967213114754 0.01103489412466448 0.03442622950819672
0 0.5159558604235014 0.7188524590163935 0.010140172979421413 0.03442622950819672
0 0.5014912019087384 0.7172131147540983 0.01103489412466448 0.03114754098360656
0 0.5439904563077841 0.7188524590163935 0.011929615269907545 0.027868852459016394
0 0.5839546674619743 0.7188524590163935 0.010140172979421413 0.03442622950819672
0 0.5849985087980912 0.7598360655737705 0.012227855651655234 0.03114754098360656
0 0.6014017297942141 0.7598360655737705 0.01103489412466448 0.03114754098360656
0 0.5990158067402326 0.8008196721311476 0.012227855651655234 0.03114754098360656
0 0.6225767968983 0.7188524590163935 0.01103489412466448 0.027868852459016394
0 0.6410677005666567 0.7581967213114754 0.009841932597673724 0.027868852459016394
0 0.668505815687444 0.7565573770491804 0.01103489412466448 0.03114754098360656
0 0.668505815687444 0.8020491803278689 0.01103489412466448 0.028688524590163935
0 0.6820757530569639 0.8020491803278689 0.010140172979421413 0.028688524590163935
0 0.682970474202207 0.7565573770491804 0.010140172979421413 0.03114754098360656
0 0.6834178347748285 0.7204918032786886 0.01103489412466448 0.03114754098360656
0 0.7095138681777513 0.8008196721311476 0.010736653742916791 0.03114754098360656
0 0.7101103489412467 0.7598360655737705 0.011929615269907545 0.03114754098360656
0 0.7514166418133015 0.8020491803278689 0.01103489412466448 0.028688524590163935
0 0.7675216224276767 0.7598360655737705 0.01103489412466448 0.03114754098360656
0 0.8355204294661497 0.8032786885245902 0.01103489412466448 0.03114754098360656
0 0.849537727408291 0.8032786885245902 0.01103489412466448 0.03114754098360656
0 0.8504324485535342 0.7598360655737705 0.01103489412466448 0.03114754098360656
0 0.849537727408291 0.7204918032786886 0.01103489412466448 0.03114754098360656
0 0.87548464062034 0.7204918032786886 0.01103489412466448 0.03114754098360656
0 0.9184312555920071 0.7598360655737705 0.01103489412466448 0.03114754098360656
0 0.9190277363555025 0.7204918032786886 0.009841932597673724 0.03114754098360656
0 0.9334923948702655 0.7172131147540983 0.010736653742916791 0.03114754098360656
0 0.5995526394273785 0.3747704918032787 0.013250820161049757 0.03540163934426234
0 0.4725767968983 0.718188524590164 0.013984491500149082 0.04045901639344254