0 0.050474 0.890390 0.029335 0.096909
0 0.147206 0.876603 0.029353 0.099618
0 0.049664 0.768468 0.029335 0.096909
0 0.281757 0.750291 0.029353 0.099618
0 0.146433 0.760099 0.029353 0.099618
0 0.088193 0.762965 0.029335 0.096909
0 0.280893 0.620241 0.029353 0.099618
0 0.241517 0.621740 0.029335 0.096909
0 0.145560 0.628695 0.029335 0.096909
0 0.048783 0.635709 0.029335 0.096909
0 0.531374 0.405563 0.029335 0.096909
0 0.917654 0.376211 0.029353 0.099618
0 0.859005 0.379106 0.030155 0.096968
0 0.434579 0.409868 0.029335 0.096909
0 0.337810 0.418237 0.029353 0.099618
0 0.085606 0.435160 0.026838 0.091312
0 0.762619 0.383382 0.029335 0.096909
0 0.955391 0.251495 0.029353 0.099618
0 0.859434 0.258450 0.029353 0.099618
0 0.820477 0.261274 0.030173 0.099677
0 0.569102 0.279493 0.029353 0.099618
0 0.433359 0.287976 0.030155 0.096968
0 0.277941 0.299240 0.029335 0.096909
0 0.181164 0.306254 0.029335 0.096909
0 0.143437 0.308988 0.029335 0.096909
0 0.336983 0.293605 0.029353 0.099618
0 0.915170 0.125653 0.029335 0.096909
0 0.857349 0.129844 0.030155 0.096968
0 0.528880 0.153651 0.029335 0.096909
0 0.432103 0.160665 0.029335 0.096909
0 0.336146 0.167619 0.029335 0.096909
0 0.238548 0.174693 0.029335 0.096909
0 0.142591 0.181648 0.029335 0.096909
