0 0.041939 0.760508 0.030507 0.100781
0 0.138670 0.774406 0.030560 0.103485
0 0.044324 0.638811 0.030507 0.100781
0 0.276023 0.687006 0.030560 0.103485
0 0.140949 0.658118 0.030560 0.103485
0 0.082852 0.644336 0.030507 0.100781
0 0.278567 0.557197 0.030560 0.103485
0 0.239299 0.547441 0.030507 0.100781
0 0.143519 0.526957 0.030507 0.100781
0 0.046921 0.506297 0.030507 0.100781
0 0.533729 0.414880 0.030507 0.100781
0 0.919330 0.495990 0.030560 0.103485
0 0.860825 0.482119 0.031326 0.100956
0 0.437183 0.391516 0.030507 0.100781
0 0.340558 0.372209 0.030560 0.103485
0 0.088856 0.317020 0.027945 0.094847
0 0.764688 0.458843 0.030507 0.100781
0 0.960191 0.382522 0.030560 0.103485
0 0.864411 0.362038 0.030560 0.103485
0 0.825526 0.353722 0.031379 0.103660
0 0.574616 0.300060 0.030560 0.103485
0 0.439159 0.269732 0.031326 0.100956
0 0.284028 0.236554 0.030507 0.100781
0 0.187430 0.215895 0.030507 0.100781
0 0.149773 0.207841 0.030507 0.100781
0 0.342996 0.247808 0.030560 0.103485
0 0.923414 0.245661 0.030507 0.100781
0 0.865700 0.233318 0.031326 0.100956
0 0.537839 0.163199 0.030507 0.100781
0 0.441240 0.142539 0.030507 0.100781
0 0.345460 0.122055 0.030507 0.100781
0 0.248043 0.101221 0.030507 0.100781
0 0.152264 0.080736 0.030507 0.100781
