0 0.056433 0.958789 0.030604 0.101103
0 0.152868 0.930208 0.030660 0.103806
0 0.053914 0.837122 0.030604 0.101103
0 0.285503 0.783434 0.030660 0.103806
0 0.150461 0.813948 0.030660 0.103806
0 0.092325 0.825727 0.030604 0.101103
0 0.282815 0.653656 0.030660 0.103806
0 0.243503 0.661181 0.030604 0.101103
0 0.147746 0.682818 0.030604 0.101103
0 0.051171 0.704641 0.030604 0.101103
0 0.530015 0.400861 0.030604 0.101103
0 0.915469 0.312405 0.030660 0.103806
0 0.856923 0.324276 0.031423 0.101288
0 0.433385 0.419980 0.030604 0.101103
0 0.336837 0.443154 0.030660 0.103806
0 0.085142 0.498670 0.028037 0.095140
0 0.760701 0.343302 0.030604 0.101103
0 0.951416 0.182046 0.030660 0.103806
0 0.855660 0.203683 0.030660 0.103806
0 0.816784 0.212468 0.031479 0.103991
0 0.565935 0.269151 0.030660 0.103806
0 0.430456 0.298406 0.031423 0.101288
0 0.275363 0.333451 0.030604 0.101103
0 0.178788 0.355273 0.030604 0.101103
0 0.141140 0.363780 0.030604 0.101103
0 0.334262 0.318784 0.030660 0.103806
0 0.909472 0.062497 0.030604 0.101103
0 0.851773 0.075535 0.031423 0.101288
0 0.523991 0.149601 0.030604 0.101103
0 0.427416 0.171424 0.030604 0.101103
0 0.331659 0.193061 0.030604 0.101103
0 0.234266 0.215069 0.030604 0.101103
0 0.138509 0.236706 0.030604 0.101103
