0 0.047990 0.857724 0.028712 0.094851
0 0.144791 0.850949 0.028712 0.097561
0 0.047990 0.735772 0.028712 0.094851
0 0.280148 0.734417 0.028712 0.097561
0 0.144791 0.734417 0.028712 0.097561
0 0.086546 0.733062 0.028712 0.094851
0 0.280148 0.604336 0.028712 0.097561
0 0.240771 0.602981 0.028712 0.094851
0 0.144791 0.602981 0.028712 0.094851
0 0.047990 0.602981 0.028712 0.094851
0 0.531993 0.407859 0.028712 0.094851
0 0.918376 0.406504 0.028712 0.097561
0 0.859721 0.405149 0.029532 0.094851
0 0.435193 0.405149 0.028712 0.094851
0 0.338392 0.406504 0.028712 0.097561
0 0.086136 0.405149 0.026251 0.089431
0 0.763331 0.402439 0.028712 0.094851
0 0.956932 0.284553 0.028712 0.097561
0 0.860952 0.284553 0.028712 0.097561
0 0.821985 0.284553 0.029532 0.097561
0 0.570550 0.284553 0.028712 0.097561
0 0.434783 0.283198 0.029532 0.094851
0 0.279327 0.283198 0.028712 0.094851
0 0.182527 0.283198 0.028712 0.094851
0 0.144791 0.283198 0.028712 0.094851
0 0.338392 0.281843 0.028712 0.097561
0 0.917555 0.155827 0.028712 0.094851
0 0.859721 0.155827 0.029532 0.094851
0 0.531173 0.155827 0.028712 0.094851
0 0.434372 0.155827 0.028712 0.094851
0 0.338392 0.155827 0.028712 0.094851
0 0.240771 0.155827 0.028712 0.094851
0 0.144791 0.155827 0.028712 0.094851
