0 0.046062 0.830006 0.029239 0.096591
0 0.142884 0.829155 0.029254 0.099301
0 0.046746 0.708076 0.029239 0.096591
0 0.278871 0.720926 0.029254 0.099301
0 0.143538 0.712644 0.029254 0.099301
0 0.085311 0.707726 0.029239 0.096591
0 0.279600 0.590867 0.029254 0.099301
0 0.240238 0.587103 0.029239 0.096591
0 0.144274 0.581230 0.029239 0.096591
0 0.047490 0.575308 0.029239 0.096591
0 0.532505 0.409832 0.029239 0.096591
0 0.918828 0.432118 0.029254 0.099301
0 0.860191 0.427174 0.030059 0.096642
0 0.435736 0.401200 0.029239 0.096591
0 0.338944 0.396632 0.029254 0.099301
0 0.086739 0.379844 0.026748 0.091022
0 0.763832 0.418567 0.029239 0.096591
0 0.958061 0.312547 0.029254 0.099301
0 0.862098 0.306674 0.029254 0.099301
0 0.823138 0.304290 0.030074 0.099351
0 0.571745 0.288906 0.029254 0.099301
0 0.436009 0.279245 0.030059 0.096642
0 0.280581 0.269733 0.029239 0.096591
0 0.183797 0.263811 0.029239 0.096591
0 0.146067 0.261502 0.029239 0.096591
0 0.339643 0.271992 0.029254 0.099301
0 0.919413 0.181433 0.029239 0.096591
0 0.861589 0.177895 0.030059 0.096642
0 0.533097 0.157793 0.029239 0.096591
0 0.436313 0.151870 0.029239 0.096591
0 0.340349 0.145998 0.029239 0.096591
0 0.242745 0.140025 0.029239 0.096591
0 0.146781 0.134153 0.029239 0.096591
