0 0.051112 0.898323 0.029485 0.097403
0 0.147821 0.882827 0.029507 0.100112
0 0.050105 0.776417 0.029485 0.097403
0 0.282165 0.754142 0.029507 0.100112
0 0.146859 0.766339 0.029507 0.100112
0 0.088625 0.770233 0.029485 0.097403
0 0.281091 0.624109 0.029507 0.100112
0 0.241718 0.626303 0.029485 0.097403
0 0.145773 0.634952 0.029485 0.097403
0 0.049009 0.643675 0.029485 0.097403
0 0.531221 0.405010 0.029485 0.097403
0 0.917448 0.368837 0.029507 0.100112
0 0.858804 0.372768 0.030305 0.097477
0 0.434434 0.411024 0.029485 0.097403
0 0.337680 0.421102 0.029507 0.100112
0 0.085507 0.442479 0.026980 0.091763
0 0.762427 0.378746 0.029485 0.097403
0 0.954983 0.243457 0.029507 0.100112
0 0.859038 0.252106 0.029507 0.100112
0 0.820086 0.255618 0.030327 0.100186
0 0.568744 0.278276 0.029507 0.100112
0 0.433017 0.289155 0.030305 0.097477
0 0.277619 0.303164 0.029485 0.097403
0 0.180855 0.311887 0.029485 0.097403
0 0.143133 0.315288 0.029485 0.097403
0 0.336651 0.296487 0.029507 0.100112
0 0.914558 0.118327 0.029485 0.097403
0 0.856745 0.123539 0.030305 0.097477
0 0.528320 0.153146 0.029485 0.097403
0 0.431555 0.161869 0.029485 0.097403
0 0.335610 0.170518 0.029485 0.097403
0 0.238026 0.179315 0.029485 0.097403
0 0.142081 0.187964 0.029485 0.097403
